 r/a            s_alpha        s_alpha_i      s_alpha_e      frac_ai        frac_ae        E_alpha/E_c
                (MW/cm^3)      (MW/cm^3)      (MW/cm^3)                                    
 0.000000E+00   0.000000E+00   0.000000E+00   0.000000E+00   5.861152E-02   9.413885E-01   3.554478E+01
 1.875000E-01   0.000000E+00   0.000000E+00   0.000000E+00   5.186288E-02   9.481371E-01   4.058307E+01
 3.750000E-01   0.000000E+00   0.000000E+00   0.000000E+00   3.705559E-02   9.629444E-01   5.819283E+01
 5.625000E-01   0.000000E+00   0.000000E+00   0.000000E+00   2.361963E-02   9.763804E-01   9.364151E+01
 7.500000E-01   0.000000E+00   0.000000E+00   0.000000E+00   1.294240E-02   9.870576E-01   1.751846E+02
 r/a            s_alpha        s_alpha_i      s_alpha_e      frac_ai        frac_ae        E_alpha/E_c
                (MW/cm^3)      (MW/cm^3)      (MW/cm^3)                                    
 0.000000E+00   0.000000E+00   0.000000E+00   0.000000E+00   3.979210E-02   9.602079E-01   5.393647E+01
 1.875000E-01   0.000000E+00   0.000000E+00   0.000000E+00   4.087416E-02   9.591258E-01   5.241271E+01
 3.750000E-01   0.000000E+00   0.000000E+00   0.000000E+00   3.501001E-02   9.649900E-01   6.181518E+01
 5.625000E-01   0.000000E+00   0.000000E+00   0.000000E+00   2.343146E-02   9.765685E-01   9.443036E+01
 7.500000E-01   0.000000E+00   0.000000E+00   0.000000E+00   1.294240E-02   9.870576E-01   1.751846E+02
 r/a            s_alpha        s_alpha_i      s_alpha_e      frac_ai        frac_ae        E_alpha/E_c
                (MW/cm^3)      (MW/cm^3)      (MW/cm^3)                                    
 0.000000E+00   0.000000E+00   0.000000E+00   0.000000E+00   5.754566E-02   9.424543E-01   3.626071E+01
 1.875000E-01   0.000000E+00   0.000000E+00   0.000000E+00   5.242137E-02   9.475786E-01   4.011608E+01
 3.750000E-01   0.000000E+00   0.000000E+00   0.000000E+00   3.954668E-02   9.604533E-01   5.429383E+01
 5.625000E-01   0.000000E+00   0.000000E+00   0.000000E+00   2.683940E-02   9.731606E-01   8.187368E+01
 7.500000E-01   0.000000E+00   0.000000E+00   0.000000E+00   1.294240E-02   9.870576E-01   1.751846E+02
 r/a            s_alpha        s_alpha_i      s_alpha_e      frac_ai        frac_ae        E_alpha/E_c
                (MW/cm^3)      (MW/cm^3)      (MW/cm^3)                                    
 0.000000E+00   0.000000E+00   0.000000E+00   0.000000E+00   5.606346E-02   9.439365E-01   3.730229E+01
 1.875000E-01   0.000000E+00   0.000000E+00   0.000000E+00   5.195528E-02   9.480447E-01   4.050510E+01
 3.750000E-01   0.000000E+00   0.000000E+00   0.000000E+00   4.050032E-02   9.594997E-01   5.292981E+01
 5.625000E-01   0.000000E+00   0.000000E+00   0.000000E+00   2.787291E-02   9.721271E-01   7.867866E+01
 7.500000E-01   0.000000E+00   0.000000E+00   0.000000E+00   1.294240E-02   9.870576E-01   1.751846E+02
 r/a            s_alpha        s_alpha_i      s_alpha_e      frac_ai        frac_ae        E_alpha/E_c
                (MW/cm^3)      (MW/cm^3)      (MW/cm^3)                                    
 0.000000E+00   0.000000E+00   0.000000E+00   0.000000E+00   5.417432E-02   9.458257E-01   3.871382E+01
 1.875000E-01   0.000000E+00   0.000000E+00   0.000000E+00   5.095809E-02   9.490419E-01   4.136169E+01
 3.750000E-01   0.000000E+00   0.000000E+00   0.000000E+00   4.036174E-02   9.596383E-01   5.312397E+01
 5.625000E-01   0.000000E+00   0.000000E+00   0.000000E+00   2.761219E-02   9.723878E-01   7.946183E+01
 7.500000E-01   0.000000E+00   0.000000E+00   0.000000E+00   1.294240E-02   9.870576E-01   1.751846E+02
