 r/a            s_alpha        s_alpha_i      s_alpha_e      frac_ai        frac_ae        E_alpha/E_c
                (MW/cm^3)      (MW/cm^3)      (MW/cm^3)                                    
 0.000000E+00   0.000000E+00   0.000000E+00   0.000000E+00   5.861152E-02   9.413885E-01   3.554478E+01
 1.875000E-01   0.000000E+00   0.000000E+00   0.000000E+00   5.186288E-02   9.481371E-01   4.058307E+01
 3.750000E-01   0.000000E+00   0.000000E+00   0.000000E+00   3.705559E-02   9.629444E-01   5.819283E+01
 5.625000E-01   0.000000E+00   0.000000E+00   0.000000E+00   2.361963E-02   9.763804E-01   9.364151E+01
 7.500000E-01   0.000000E+00   0.000000E+00   0.000000E+00   1.294240E-02   9.870576E-01   1.751846E+02
 r/a            s_alpha        s_alpha_i      s_alpha_e      frac_ai        frac_ae        E_alpha/E_c
                (MW/cm^3)      (MW/cm^3)      (MW/cm^3)                                    
 0.000000E+00   0.000000E+00   0.000000E+00   0.000000E+00   3.222804E-02   9.677720E-01   6.748962E+01
 1.875000E-01   0.000000E+00   0.000000E+00   0.000000E+00   3.407882E-02   9.659212E-01   6.361011E+01
 3.750000E-01   0.000000E+00   0.000000E+00   0.000000E+00   3.097851E-02   9.690215E-01   7.037429E+01
 5.625000E-01   0.000000E+00   0.000000E+00   0.000000E+00   2.033511E-02   9.796649E-01   1.095318E+02
 7.500000E-01   0.000000E+00   0.000000E+00   0.000000E+00   1.294240E-02   9.870576E-01   1.751846E+02
 r/a            s_alpha        s_alpha_i      s_alpha_e      frac_ai        frac_ae        E_alpha/E_c
                (MW/cm^3)      (MW/cm^3)      (MW/cm^3)                                    
 0.000000E+00   0.000000E+00   0.000000E+00   0.000000E+00   5.736028E-02   9.426397E-01   3.638799E+01
 1.875000E-01   0.000000E+00   0.000000E+00   0.000000E+00   5.118416E-02   9.488158E-01   4.116453E+01
 3.750000E-01   0.000000E+00   0.000000E+00   0.000000E+00   3.805671E-02   9.619433E-01   5.656372E+01
 5.625000E-01   0.000000E+00   0.000000E+00   0.000000E+00   2.580055E-02   9.741994E-01   8.534614E+01
 7.500000E-01   0.000000E+00   0.000000E+00   0.000000E+00   1.294240E-02   9.870576E-01   1.751846E+02
 r/a            s_alpha        s_alpha_i      s_alpha_e      frac_ai        frac_ae        E_alpha/E_c
                (MW/cm^3)      (MW/cm^3)      (MW/cm^3)                                    
 0.000000E+00   0.000000E+00   0.000000E+00   0.000000E+00   6.365882E-02   9.363412E-01   3.248520E+01
 1.875000E-01   0.000000E+00   0.000000E+00   0.000000E+00   5.546430E-02   9.445357E-01   3.773940E+01
 3.750000E-01   0.000000E+00   0.000000E+00   0.000000E+00   4.021589E-02   9.597841E-01   5.332978E+01
 5.625000E-01   0.000000E+00   0.000000E+00   0.000000E+00   2.697108E-02   9.730289E-01   8.145284E+01
 7.500000E-01   0.000000E+00   0.000000E+00   0.000000E+00   1.294240E-02   9.870576E-01   1.751846E+02
 r/a            s_alpha        s_alpha_i      s_alpha_e      frac_ai        frac_ae        E_alpha/E_c
                (MW/cm^3)      (MW/cm^3)      (MW/cm^3)                                    
 0.000000E+00   0.000000E+00   0.000000E+00   0.000000E+00   6.783158E-02   9.321684E-01   3.030502E+01
 1.875000E-01   0.000000E+00   0.000000E+00   0.000000E+00   5.823662E-02   9.417634E-01   3.579356E+01
 3.750000E-01   0.000000E+00   0.000000E+00   0.000000E+00   4.163583E-02   9.583642E-01   5.138825E+01
 5.625000E-01   0.000000E+00   0.000000E+00   0.000000E+00   2.786590E-02   9.721341E-01   7.869952E+01
 7.500000E-01   0.000000E+00   0.000000E+00   0.000000E+00   1.294240E-02   9.870576E-01   1.751846E+02
