0.00049870046436814101 6.4198906819244184e-5
0.013372237569685424 0.003822307357003001
0.076157990187546039 0.030339982758609593
0.24286630934144347 0.10371344254705938
0.56944754312111059 0.20396908309586134
1.1029947642128064 0.25526947060725961
1.8746984330356739 0.21233518181393799
2.8928608891829636 0.12085190596952608
4.1304255527890896 0.048848154652198644
5.5000270698934894 0.014961742618817467
6.812850065911872 0.003846675960382888
7.7504424874460537 0.0019778537125247551
-62.617651673844112 100.62228995265779 -65.094401924824834 46.21046477680039 -31.655872645268907 19.885022784787097 -11.11033276381722 5.4154837196020348 -2.278379330235071 0.82313189453964176 -0.24923886631150862 0.049484075914697988 
-9.1320714649811815 -11.258707148963007 31.022705045353278 -17.365108989232746 10.929136634522839 -6.5885784568034908 3.5962029120524996 -1.7274830796215385 0.71979180532072707 -0.25835210443599624 0.077893573072490642 -0.015428726283872944 
1.9104045561029453 -10.031970883853885 -3.7017172025885897 17.175965515793665 -8.296743022513223 4.5224946815686989 -2.344934818952653 1.0928876656031907 -0.44668147799292857 0.15829793763243203 -0.047337541382135366 0.0093345905824829105 
-0.78209882749614222 3.2383494146035421 -9.9051430875697535 -0.82688329863661059 11.519173252524223 -4.7704136881932518 2.2213573536788165 -0.97891562638974759 0.38698791015251565 -0.13428351656140869 0.039629701913979331 -0.0077595880261618707 
0.47127497379781317 -1.7927958516876914 4.2086811286757522 -10.132581368222387 0.93258763251813137 8.4364098239234013 -2.9708690038087399 1.1721340743952341 -0.43731744232760297 0.14667182618724092 -0.042412263939688885 0.0082164704885367898 
-0.38076656359744229 1.3901105158754046 -2.9507272832982503 5.3971868787307683 -10.851013215359796 2.3492818384511329 6.4920254200992538 -1.9333461308957467 0.64525517652413189 -0.20431512974989443 0.057215782675609282 -0.010907289455170959 
0.39693098170127855 -1.4156536572555305 2.8545457175685986 -4.6890521553344603 7.1293731530810317 -12.112545787131754 3.6707762576480882 5.180619058648644 -1.3052932112442357 0.37028234287596249 -0.0982401667911695 0.018257466233546511 
-0.52433042531580607 1.8429200805164371 -3.6054678320115507 5.600048234001867 -7.6229839963847056 9.7756289021369005 -14.039819743466343 5.0173179567107269 4.2985362004233076 -0.92330150911693128 0.22071103203477657 -0.039258899528678744 
0.86909273452732076 -3.0253239155516968 5.8057232219061638 -8.722002093714076 11.20512740311402 -12.854017092607266 13.936709093714123 -16.935299095866394 6.5226730223689136 3.7744559456024457 -0.68943269862164093 0.11229347512808743 
-1.8012178471103113 6.229220586858759 -11.802944478097588 17.361938724683828 -21.558742383417577 23.348803364684437 -22.679939034716664 20.867602347243072 -21.652651449374228 8.5473258159134831 3.6013531590898917 -0.46074880575710208 
4.7930145422598272 -16.50515095305295 31.018227235770983 -45.029019148899327 54.785338210128273 -57.461387843234428 52.880327844696463 -43.837846976208263 34.757198934600918 -31.649137536226018 12.800709330892463 3.4477263592720587 
-21.197933369770639 72.825425018836429 -136.25160556192344 196.40178214247593 -236.42493050558142 244.01256220149814 -218.91757700466471 173.69942277283375 -126.10795787423976 90.197700330635042 -76.801175619628707 38.564287469529381 
