0.0005790181468232419 8.0295568763743382e-5
0.015503887657345132 0.0047577727495427017
0.088129138024743147 0.037266886682710347
0.28058713396466014 0.12387051143704642
0.65752629547589708 0.23180516042672817
1.2751096657841748 0.2681521689492147
2.1749786999981842 0.19856610420917394
3.3786636811836024 0.095868508470709737
4.8754157827826925 0.030928990094868442
6.5916289007307334 0.0070491909046323877
8.3228097039673093 0.0012783016358408085
9.6358655457526151 0.00037610887076860512
-64.953178292835244 104.26603549973057 -67.10679139994504 47.07313582934871 -31.536278608636809 19.104513823651464 -10.110169267623518 4.5621095808660278 -1.7274890437383254 0.5444348077077314 -0.14070412177377718 0.024381193248206765 
-9.5047694357938515 -11.633045147110587 32.070147160166089 -17.736042518621255 10.915114118639432 -6.3448472146893872 3.2796039014635039 -1.4581604525021733 0.54671881715084818 -0.17113781395485758 0.044028050138741342 -0.0076094648865023742 
2.0023321229237594 -10.497161226606216 -3.7251215792288611 17.658137297045379 -8.3386121410220065 4.3816547430235359 -2.1508602137476408 0.92752880683814856 -0.34099502701351717 0.10534312623267115 -0.026866697086117063 0.0046207886408647956 
-0.83088448314390379 3.4341994465029864 -10.445825512115306 -0.65167866781888545 11.724410771960084 -4.6789425385655187 2.0618564162214366 -0.84034069594716984 0.29865430939752672 -0.090280435470467598 0.0227067979678541 -0.0038754089886357247 
0.51220276103354335 -1.9447376692831357 4.5389521532115627 -10.788348793581894 1.282191710995313 8.4527224731331066 -2.8154894507201497 1.0267425343604315 -0.34413877629934692 0.10046416270978844 -0.02473438613574553 0.0041732805765260889 
-0.4285738669145883 1.5613926781695194 -3.2942625483668337 5.9466159161943651 -11.674944752463546 2.8731560603071372 6.3569098003932037 -1.7485220198850153 0.52378781547363468 -0.14420338872947652 0.034339478100586129 -0.0056951722789856842 
0.46997581776241511 -1.6723984418159513 3.3508858313511304 -5.4301019779731265 8.0582273927758759 -13.172658689903246 4.3728036363642985 4.9109857536795806 -1.1093451729378088 0.27323465333517258 -0.061545787842705963 0.0099369852043658344 
-0.66609339264922436 2.3354791940462535 -4.5386550781468502 6.951160089692181 -9.2299531196860759 11.380224338920851 -15.424851859294909 5.8968320953612618 3.897076533649537 -0.72548699218028272 0.14693303910513284 -0.022664848817874858 
1.2136423848183538 -4.2134779914532893 8.0288591377137948 -11.887121481095629 14.885984834107447 -16.40367399583939 16.765829529704872 -18.751886059871265 7.5605659963987241 3.2294874290870976 -0.49844987768911539 0.070240094118399455 
-2.8394910162187343 9.791334105893299 -18.413280865539223 26.676002072808412 -32.260739115256063 33.525895448547378 -30.655846195652837 25.915215978054435 -23.974677855564066 9.6598122382092051 2.8952922739614484 -0.31951706924325502 
8.6835714438338812 -29.807275985634241 55.569463046947823 -79.392584433271726 93.98558022795693 -94.470357072251046 81.709548723128586 -62.107151414290775 43.786236874955844 -34.260157715657709 13.612244671159482 2.6908816331229513 
-43.232827854709004 148.01784554099567 -274.60291958265523 389.32178941438326 -455.62211889411302 450.16928251855814 -379.04977620296628 275.25936295391807 -177.28350856771609 108.63209005657861 -77.314636660472287 35.705417278198156 
