0.00064626004300033564 9.4660108829414282e-5
0.017283434397890251 0.0055861799434219056
0.098083275109541413 0.043270840147710758
0.31183560399149727 0.14050651993023427
0.73033033150087335 0.2523071616558029
1.417437746667542 0.27335877839697193
2.4243719794863083 0.18357313040722624
3.7862228138672567 0.076965106383358184
5.5122543884580083 0.02031988446288503
7.5551276289931599 0.0035019421172229501
9.7229080630130747 0.00044127942303948139
11.484526237758244 7.4517023296930438e-5
-67.33388939877573 107.99433664578957 -69.213208024773834 48.075073887863803 -31.621754547254986 18.590476410327611 -9.4018272090019416 3.9723954801583042 -1.3705242113768256 0.3800176585193922 -0.083451942227935123 0.012355250752576064 
-9.8810080916438031 -12.020737221922894 33.153364662032462 -18.15368824567642 10.967712256108321 -6.1863397886946957 3.0554371465664464 -1.2718093215892698 0.43439472009806985 -0.11960621241163023 0.026139008903323047 -0.0038589117699090088 
2.0937694191072778 -10.961429877318181 -3.7634078481511098 18.172997145584267 -8.4231265738145672 4.2938930353144422 -2.0135488322658864 0.81268809295991784 -0.27208609188971511 0.073905245011232749 -0.016003693107312985 0.002349978569634754 
-0.87862913027487719 3.6261873347468746 -10.979241114573866 -0.49857035845022038 11.968246801351756 -4.6323207064494565 1.9494249394457599 -0.74333661882314208 0.24046919700900103 -0.063876491746949229 0.013630979617935133 -0.0019848318528154481 
0.55195796675002089 -2.0923571483851327 4.8601927873009282 -11.430492466190013 1.5999386177597339 8.5178597990944124 -2.7083816821280923 0.92361007774823703 -0.28161637533025995 0.072186223548346303 -0.015064216107792071 0.0021664159396113042 
-0.47548221627141278 1.7293275303811089 -3.6304052565086152 6.4827121837988697 -12.481138530242261 3.3543043890025512 6.2840146962906859 -1.615361248602527 0.43986081001470588 -0.10622252420897253 0.021413379606553622 -0.0030232132606867671 
0.54408674321675965 -1.9325420816472943 3.8519281041161631 -6.1727225864678332 8.9793666250942774 -14.218353652235616 5.021643301807496 4.720256296378612 -0.96826837534639546 0.20891977954315363 -0.039771451634366579 0.0054572971750433066 
-0.81911572470762179 2.8662529462368558 -5.5395796066063949 8.3867302487041418 -10.910920823226643 13.023229246952891 -16.819089642797291 6.7155438954185007 3.5953952019531221 -0.58533990443383957 0.0999709094251781 -0.013076746918899563 
1.6233847099484984 -5.6236593186174571 10.653718286223654 -15.585062734535435 19.11052423319481 -20.370713924721702 19.818674621697952 -20.65325891246423 8.5377248396747895 2.8098649201071321 -0.36464054500933309 0.043443824501321853 
-4.2580072810740367 14.647249722511199 -27.373984056824929 39.161384754406892 -46.33795903166673 46.5345459350466 -40.450724246556885 31.806652946892119 -26.579898935000533 10.729888296746685 2.3381258519214543 -0.21727395640183482 
15.033463748417043 -51.464937397556862 95.302204648294632 -134.35815666152003 155.47089561995788 -150.8217803531953 123.80499575691103 -87.338044660380383 55.456546877576182 -37.591345248538431 14.445902531667492 2.0602551383667431 
-85.853274586214158 293.06899551088039 -539.79558637563464 754.64619050302342 -862.43644374844946 821.35390357433081 -655.2801695047406 440.6687312133893 -254.8582003791675 134.74428406150498 -79.470089224145234 33.211658955222706 
