0.00034911787444645519 3.7621491933100122e-5
0.0093854513085253953 0.0022597984653866167
0.053637584704808168 0.018386386752812368
0.17153322450400056 0.06624741078931107
0.4024688699227456 0.14305705276489707
0.77741041363099717 0.20744186199827264
1.3116495416038282 0.21365747455631796
1.9980645854789112 0.16284455787436834
2.7987800880540143 0.096024965936340033
3.6348759010166636 0.046289819212260007
4.3797995754796496 0.019136297765568922
4.8740928306755287 0.024616752392531869
-59.198989021657207 95.317341329104727 -62.264074505454309 45.216220290496496 -32.313755628829949 21.734080812373741 -13.426448579149294 7.511809449395761 -3.7757867673675946 1.6863839086195605 -0.6359677879261802 0.1491865003942481 
-8.5793220722973112 -10.723170799160625 29.522331330608272 -16.90861017135294 11.104823396492887 -7.1701623402494392 4.32854770096894 -2.3874831979960828 1.1889871755281137 -0.52779879123153835 0.19827370263456031 -0.046415933944836713 
1.7714434797608707 -9.3316697676401276 -3.6969308681775377 16.52116139239564 -8.3314178211995937 4.8665549624922462 -2.7924120793172315 1.4952816650921117 -0.73094921273419623 0.32060506555414061 -0.11954170104475182 0.02787488481842953 
-0.70700827938843047 2.9373595064399499 -9.0798997659600463 -1.1355932046680364 11.296451487189499 -5.0165791466475482 2.587083550847805 -1.3110281125499638 0.62047740494761183 -0.26675515141089942 0.09826009677287399 -0.022768385572815666 
0.40814694064667205 -1.5583310127255987 3.6987779594458885 -9.1251688054546117 0.34171073837040377 8.5240661132807485 -3.3276054683791694 1.5113946166371917 -0.67592844994917802 0.28125926250779294 -0.10165001944614315 0.023328125066003513 
-0.30887508125290025 1.1321123606929628 -2.4309356614970382 4.5595188975729933 -9.5908985115085433 1.474897186533454 6.8416548597937868 -2.3486927340383819 0.94107222133865857 -0.3703348415661212 0.12984116463989923 -0.029359860708769901 
0.29341250007298426 -1.0509416771297475 2.1449007640653661 -3.6157439652488264 5.7573174849264365 -10.520515618422358 2.5095167858654711 5.7740284772206382 -1.7498460974098795 0.61822759912958985 -0.20579543602516859 0.045439182955493669 
-0.3421164034119723 1.20806028542435 -2.3936606483498279 3.8186609127320926 -5.449769033301383 7.526861835863137 -12.03346772594858 3.5786403115641543 5.1382426706158712 -1.3781184363956216 0.41442023063567094 -0.08775399942789099 
0.4838929970610994 -1.6929260804687764 3.2926025982056229 -5.0855462035997852 6.8582528729134405 -8.4863948762767556 10.261817133139672 -14.458630304615088 4.8537287471299274 4.8793292542814805 -1.1247419599233818 0.21861582215254519 
-0.83191398097065814 2.8927394149795716 -5.559075729923401 8.4159770963619875 -10.984990810994445 12.855084961073017 -13.955741086064575 14.92722851103977 -18.781930173455721 6.8101793613480892 4.9739805476906455 -0.76153811108428095 
1.827554430813889 -6.3302267500200982 12.074380843486242 -18.058519628056952 23.126694235277282 -26.254636442607066 27.061600705511304 -26.148502042802365 25.220066190891945 -28.974590757657064 11.639582254098148 4.816596961064736 
-6.9940556642716682 24.176064173343094 -45.932795377187218 68.265543436681573 -86.586519713016923 96.852749402182646 -97.479347339626732 90.331067327079078 -79.972242015853284 72.37177544205914 -78.578668180143463 43.546428508753759 
