0.00040325147999376303 4.6694568188575549e-5
0.010830735556014332 0.0027958790857347423
0.061820797442425338 0.022545485446579709
0.19750629488179535 0.079695634114549005
0.46331735026212013 0.16634792580721456
0.89591211154395519 0.22868308400326323
1.5157502543452721 0.21812717752163666
2.3198972913733698 0.14992897712417912
3.2717567382015309 0.07760230427996965
4.2856004562318542 0.032167340991385112
5.2105049209099726 0.011437719367854046
5.8380953333649251 0.010621777689445593
-60.327259501134324 97.064041378653594 -63.181361498058878 45.504148193213751 -32.021755122413298 21.009607521222181 -12.51776019034298 6.6690883644207342 -3.1518128193070575 1.3112786267306744 -0.46098248805296916 0.10276753506857266 
-8.7627585892934266 -10.898141375943513 30.012690612468103 -17.046340129290052 11.022832456678376 -6.9419573587117431 4.0414021292686246 -2.1224157614114744 0.99366125016641637 -0.41082181401984014 0.14384809135145401 -0.031999511262924782 
1.817917297049667 -9.5654982237689135 -3.6942813999429536 16.729662708590056 -8.3052263145665513 4.7309051350268213 -2.6172755725100736 1.3341217492955406 -0.61295043502992164 0.25033607088656989 -0.086981162187536876 0.019270147157296104 
-0.7322867206198772 3.0386371408822369 -9.3569048488844419 -1.0261955347762526 11.358182296233574 -4.9176124301185133 2.4444520015890772 -1.178825989242181 0.52418096405364215 -0.20976266162845297 0.071978133674157807 -0.01584235116296939 
0.42937632779236934 -1.6372073821721608 3.8704306936058578 -9.4639324218880211 0.5480909689694323 8.4780112059352833 -3.1889684999575201 1.3778152520096703 -0.57868400978183531 0.22403042073145758 -0.075392218623376836 0.016429663378843418 
-0.33273142792548511 1.2177982581445016 -2.6039640393982715 4.8394946337997207 -10.013292561157249 1.7788519729923613 6.7027491305225067 -2.1877835115528407 0.82280207966832686 -0.30107670226230576 0.098237458624879861 -0.021085291456145155 
0.3267993095057116 -1.1687028185579448 2.3747550136092795 -3.9655720726994923 6.2088585659387486 -11.049219052405359 2.9116777239846124 5.5473639985466164 -1.576961775658168 0.51769866986204849 -0.16027171394712676 0.033574151821074007 
-0.39823903531253952 1.4038649786512523 -2.7687750839600112 4.374182390922422 -6.1358590979383843 8.2490857091899552 -12.688477566505248 4.0744572091557888 4.8223971304092101 -1.2008272091159787 0.33556707550914096 -0.06737650100560774 
0.59498599899654653 -2.0777926472030589 4.0214858472609974 -6.1488996334522653 8.1469461429442481 -9.8076695555910851 11.402838991784858 -15.245158548515738 5.4247242692987602 4.4687489483704295 -0.95634839250872519 0.17613857861503184 
-1.0887075487295561 3.7782202395891374 -7.2236141774803758 10.822167892524715 -13.87171894123471 15.784016196231797 -16.46413042835292 16.696268344602175 -19.654223034120066 7.3974270461703977 4.4726920932193593 -0.64839768241995364 
2.5425062910178331 -8.7881858959461378 16.67315060838694 -24.668799809387854 31.010671255302344 -34.212029916683782 33.859456831346998 -30.994140411576266 27.941351723163043 -29.711895476732606 12.018065357334691 4.3298494437747966 
-10.168879970137859 35.073414600199149 -66.27001529615967 97.410696208224078 -121.2419412221994 131.74098474622707 -127.25291167676654 111.64731398081688 -92.326280565420647 77.275599569751014 -77.68056363842508 41.792583263890999 
