N_ENERGY=10
N_XI=17
N_THETA=17
N_RADIAL=1
ENERGY_MAX=16.0
ENERGY_MIN_CONNOR=1.0e-4
ENERGY_TOL=1.0e-8
RMIN_OVER_A=0.5
RMAJ_OVER_A=3.0
EQUILIBRIUM_MODEL=0
COLLISION_MODEL=2
WRITE_OUT_MODE=1

RHO_STAR=0.001
Q=2.0

N_SPECIES=2

Z_1=1
DENS_1=1.0
MASS_1=1.0
DLNNDR_1=1.0
DLNTDR_1=3.0
NU_1=1.0e-3

Z_2=-1
DENS_2=1.0
MASS_2=0.0002724486
DLNNDR_2=1.0
DLNTDR_2=3.0
NU_2=0.06058396734168

