N_ENERGY=6
N_XI=17
N_THETA=17
N_RADIAL=1
RMIN_OVER_A=0.5
RMAJ_OVER_A=3.0
EQUILIBRIUM_MODEL=0
COLLISION_MODEL=4

RHO_STAR=0.001
Q=2.0

N_SPECIES=3

Z_1=1
DENS_1=0.9
MASS_1=1.0
DLNNDR_1=1.0
DLNTDR_1=3.0
NU_1=1.485542e-03

Z_2=-1
DENS_2=1.0
MASS_2=0.0002724486
DLNNDR_2=1.0
DLNTDR_2=3.0

Z_3=6
DENS_3=0.0166667
MASS_3=5.959614
DLNNDR_3=1.0
DLNTDR_3=3.0

