N_ENERGY=10
N_XI=17
N_THETA=17
N_RADIAL=1
ENERGY_MAX=16.0
ENERGY_MIN_CONNOR=1.0e-4
ENERGY_TOL=1.0e-8
RMIN_OVER_A=0.5
RMAJ_OVER_A=3.0
EQUILIBRIUM_MODEL=0
COLLISION_MODEL=1
WRITE_OUT_MODE=1

RHO_STAR=0.001
Q=2.0

N_SPECIES=3

Z_1=1
DENS_1=0.9
MASS_1=1.0
DLNNDR_1=1.0
DLNTDR_1=3.0
NU_1=1.485542e-03

Z_2=-1
DENS_2=1.0
MASS_2=0.0002724486
DLNNDR_2=1.0
DLNTDR_2=3.0
NU_2=1.0e-01

Z_3=6
DENS_3=0.0166667
MASS_3=5.959614
DLNNDR_3=1.0
DLNTDR_3=3.0
NU_3=1.460451e-02

