 r/a            s_alpha        s_alpha_i      s_alpha_e      frac_ai        frac_ae        E_alpha/E_c
                (MW/cm^3)      (MW/cm^3)      (MW/cm^3)                                    
 0.000000E+00   0.000000E+00   0.000000E+00   0.000000E+00   4.700946E-02   9.529905E-01   4.511617E+01
 2.100000E-01   0.000000E+00   0.000000E+00   0.000000E+00   4.242746E-02   9.575725E-01   5.036302E+01
 4.200000E-01   0.000000E+00   0.000000E+00   0.000000E+00   3.143411E-02   9.685659E-01   6.929559E+01
 6.300000E-01   0.000000E+00   0.000000E+00   0.000000E+00   1.907034E-02   9.809297E-01   1.171262E+02
 8.400000E-01   0.000000E+00   0.000000E+00   0.000000E+00   7.877498E-03   9.921225E-01   2.921478E+02
 r/a            s_alpha        s_alpha_i      s_alpha_e      frac_ai        frac_ae        E_alpha/E_c
                (MW/cm^3)      (MW/cm^3)      (MW/cm^3)                                    
 0.000000E+00   0.000000E+00   0.000000E+00   0.000000E+00   4.065732E-02   9.593427E-01   5.271147E+01
 2.100000E-01   0.000000E+00   0.000000E+00   0.000000E+00   3.625475E-02   9.637453E-01   5.956165E+01
 4.200000E-01   0.000000E+00   0.000000E+00   0.000000E+00   2.844618E-02   9.715538E-01   7.700767E+01
 6.300000E-01   0.000000E+00   0.000000E+00   0.000000E+00   2.184498E-02   9.781550E-01   1.016277E+02
 8.400000E-01   0.000000E+00   0.000000E+00   0.000000E+00   7.877498E-03   9.921225E-01   2.921478E+02
 r/a            s_alpha        s_alpha_i      s_alpha_e      frac_ai        frac_ae        E_alpha/E_c
                (MW/cm^3)      (MW/cm^3)      (MW/cm^3)                                    
 0.000000E+00   0.000000E+00   0.000000E+00   0.000000E+00   4.783874E-02   9.521613E-01   4.427546E+01
 2.100000E-01   0.000000E+00   0.000000E+00   0.000000E+00   4.159531E-02   9.584047E-01   5.144180E+01
 4.200000E-01   0.000000E+00   0.000000E+00   0.000000E+00   3.467719E-02   9.653228E-01   6.244551E+01
 6.300000E-01   0.000000E+00   0.000000E+00   0.000000E+00   3.008941E-02   9.699106E-01   7.257459E+01
 8.400000E-01   0.000000E+00   0.000000E+00   0.000000E+00   7.877498E-03   9.921225E-01   2.921478E+02
 r/a            s_alpha        s_alpha_i      s_alpha_e      frac_ai        frac_ae        E_alpha/E_c
                (MW/cm^3)      (MW/cm^3)      (MW/cm^3)                                    
 0.000000E+00   0.000000E+00   0.000000E+00   0.000000E+00   5.642485E-02   9.435751E-01   3.704320E+01
 2.100000E-01   0.000000E+00   0.000000E+00   0.000000E+00   4.877458E-02   9.512254E-01   4.336157E+01
 4.200000E-01   0.000000E+00   0.000000E+00   0.000000E+00   3.928556E-02   9.607144E-01   5.467902E+01
 6.300000E-01   0.000000E+00   0.000000E+00   0.000000E+00   3.247663E-02   9.675234E-01   6.694250E+01
 8.400000E-01   0.000000E+00   0.000000E+00   0.000000E+00   7.877498E-03   9.921225E-01   2.921478E+02
