 r/a            s_alpha        s_alpha_i      s_alpha_e      frac_ai        frac_ae        E_alpha/E_c
                (MW/cm^3)      (MW/cm^3)      (MW/cm^3)                                    
 0.000000E+00   0.000000E+00   0.000000E+00   0.000000E+00   4.700946E-02   9.529905E-01   4.511617E+01
 2.100000E-01   0.000000E+00   0.000000E+00   0.000000E+00   4.242746E-02   9.575725E-01   5.036302E+01
 4.200000E-01   0.000000E+00   0.000000E+00   0.000000E+00   3.143411E-02   9.685659E-01   6.929559E+01
 6.300000E-01   0.000000E+00   0.000000E+00   0.000000E+00   1.907034E-02   9.809297E-01   1.171262E+02
 8.400000E-01   0.000000E+00   0.000000E+00   0.000000E+00   7.877498E-03   9.921225E-01   2.921478E+02
 r/a            s_alpha        s_alpha_i      s_alpha_e      frac_ai        frac_ae        E_alpha/E_c
                (MW/cm^3)      (MW/cm^3)      (MW/cm^3)                                    
 0.000000E+00   0.000000E+00   0.000000E+00   0.000000E+00   4.018585E-02   9.598141E-01   5.337235E+01
 2.100000E-01   0.000000E+00   0.000000E+00   0.000000E+00   3.615378E-02   9.638462E-01   5.973860E+01
 4.200000E-01   0.000000E+00   0.000000E+00   0.000000E+00   2.850986E-02   9.714901E-01   7.682624E+01
 6.300000E-01   0.000000E+00   0.000000E+00   0.000000E+00   2.182610E-02   9.781739E-01   1.017197E+02
 8.400000E-01   0.000000E+00   0.000000E+00   0.000000E+00   7.877498E-03   9.921225E-01   2.921478E+02
 r/a            s_alpha        s_alpha_i      s_alpha_e      frac_ai        frac_ae        E_alpha/E_c
                (MW/cm^3)      (MW/cm^3)      (MW/cm^3)                                    
 0.000000E+00   0.000000E+00   0.000000E+00   0.000000E+00   4.750617E-02   9.524938E-01   4.460903E+01
 2.100000E-01   0.000000E+00   0.000000E+00   0.000000E+00   4.093663E-02   9.590634E-01   5.232722E+01
 4.200000E-01   0.000000E+00   0.000000E+00   0.000000E+00   3.569218E-02   9.643078E-01   6.056044E+01
 6.300000E-01   0.000000E+00   0.000000E+00   0.000000E+00   3.099319E-02   9.690068E-01   7.033905E+01
 8.400000E-01   0.000000E+00   0.000000E+00   0.000000E+00   7.877498E-03   9.921225E-01   2.921478E+02
 r/a            s_alpha        s_alpha_i      s_alpha_e      frac_ai        frac_ae        E_alpha/E_c
                (MW/cm^3)      (MW/cm^3)      (MW/cm^3)                                    
 0.000000E+00   0.000000E+00   0.000000E+00   0.000000E+00   5.586328E-02   9.441367E-01   3.744727E+01
 2.100000E-01   0.000000E+00   0.000000E+00   0.000000E+00   4.805042E-02   9.519496E-01   4.406558E+01
 4.200000E-01   0.000000E+00   0.000000E+00   0.000000E+00   4.067343E-02   9.593266E-01   5.268917E+01
 6.300000E-01   0.000000E+00   0.000000E+00   0.000000E+00   3.383467E-02   9.661653E-01   6.409729E+01
 8.400000E-01   0.000000E+00   0.000000E+00   0.000000E+00   7.877498E-03   9.921225E-01   2.921478E+02
