 r/a            s_alpha        s_alpha_i      s_alpha_e      frac_ai        frac_ae        E_alpha/E_c
                (MW/cm^3)      (MW/cm^3)      (MW/cm^3)                                    
 0.000000E+00   0.000000E+00   0.000000E+00   0.000000E+00   5.082017E-02   9.491798E-01   4.148285E+01
 1.875000E-01   0.000000E+00   0.000000E+00   0.000000E+00   4.578487E-02   9.542151E-01   4.641415E+01
 3.750000E-01   0.000000E+00   0.000000E+00   0.000000E+00   3.369001E-02   9.663100E-01   6.438931E+01
 5.625000E-01   0.000000E+00   0.000000E+00   0.000000E+00   2.200762E-02   9.779924E-01   1.008417E+02
 7.500000E-01   0.000000E+00   0.000000E+00   0.000000E+00   1.235869E-02   9.876413E-01   1.837469E+02
 r/a            s_alpha        s_alpha_i      s_alpha_e      frac_ai        frac_ae        E_alpha/E_c
                (MW/cm^3)      (MW/cm^3)      (MW/cm^3)                                    
 0.000000E+00   0.000000E+00   0.000000E+00   0.000000E+00   4.031452E-02   9.596855E-01   5.319043E+01
 1.875000E-01   0.000000E+00   0.000000E+00   0.000000E+00   3.719735E-02   9.628027E-01   5.795674E+01
 3.750000E-01   0.000000E+00   0.000000E+00   0.000000E+00   3.036455E-02   9.696354E-01   7.187976E+01
 5.625000E-01   0.000000E+00   0.000000E+00   0.000000E+00   2.487342E-02   9.751266E-01   8.869294E+01
 7.500000E-01   0.000000E+00   0.000000E+00   0.000000E+00   1.235869E-02   9.876413E-01   1.837469E+02
 r/a            s_alpha        s_alpha_i      s_alpha_e      frac_ai        frac_ae        E_alpha/E_c
                (MW/cm^3)      (MW/cm^3)      (MW/cm^3)                                    
 0.000000E+00   0.000000E+00   0.000000E+00   0.000000E+00   5.562262E-02   9.443774E-01   3.762296E+01
 1.875000E-01   0.000000E+00   0.000000E+00   0.000000E+00   4.742146E-02   9.525785E-01   4.469476E+01
 3.750000E-01   0.000000E+00   0.000000E+00   0.000000E+00   3.716605E-02   9.628340E-01   5.800871E+01
 5.625000E-01   0.000000E+00   0.000000E+00   0.000000E+00   2.739188E-02   9.726081E-01   8.013541E+01
 7.500000E-01   0.000000E+00   0.000000E+00   0.000000E+00   1.235869E-02   9.876413E-01   1.837469E+02
 r/a            s_alpha        s_alpha_i      s_alpha_e      frac_ai        frac_ae        E_alpha/E_c
                (MW/cm^3)      (MW/cm^3)      (MW/cm^3)                                    
 0.000000E+00   0.000000E+00   0.000000E+00   0.000000E+00   5.411836E-02   9.458816E-01   3.875716E+01
 1.875000E-01   0.000000E+00   0.000000E+00   0.000000E+00   4.719468E-02   9.528053E-01   4.492579E+01
 3.750000E-01   0.000000E+00   0.000000E+00   0.000000E+00   3.613032E-02   9.638697E-01   5.977985E+01
 5.625000E-01   0.000000E+00   0.000000E+00   0.000000E+00   2.637336E-02   9.736266E-01   8.339725E+01
 7.500000E-01   0.000000E+00   0.000000E+00   0.000000E+00   1.235869E-02   9.876413E-01   1.837469E+02
 r/a            s_alpha        s_alpha_i      s_alpha_e      frac_ai        frac_ae        E_alpha/E_c
                (MW/cm^3)      (MW/cm^3)      (MW/cm^3)                                    
 0.000000E+00   0.000000E+00   0.000000E+00   0.000000E+00   5.359699E-02   9.464030E-01   3.916536E+01
 1.875000E-01   0.000000E+00   0.000000E+00   0.000000E+00   4.684373E-02   9.531563E-01   4.528780E+01
 3.750000E-01   0.000000E+00   0.000000E+00   0.000000E+00   3.566582E-02   9.643342E-01   6.060802E+01
 5.625000E-01   0.000000E+00   0.000000E+00   0.000000E+00   2.610228E-02   9.738977E-01   8.430880E+01
 7.500000E-01   0.000000E+00   0.000000E+00   0.000000E+00   1.235869E-02   9.876413E-01   1.837469E+02
