 r/a            s_alpha        s_alpha_i      s_alpha_e      frac_ai        frac_ae        E_alpha/E_c
                (MW/cm^3)      (MW/cm^3)      (MW/cm^3)                                    
 0.000000E+00   0.000000E+00   0.000000E+00   0.000000E+00   5.082017E-02   9.491798E-01   4.148285E+01
 1.875000E-01   0.000000E+00   0.000000E+00   0.000000E+00   4.578487E-02   9.542151E-01   4.641415E+01
 3.750000E-01   0.000000E+00   0.000000E+00   0.000000E+00   3.369001E-02   9.663100E-01   6.438931E+01
 5.625000E-01   0.000000E+00   0.000000E+00   0.000000E+00   2.200762E-02   9.779924E-01   1.008417E+02
 7.500000E-01   0.000000E+00   0.000000E+00   0.000000E+00   1.235869E-02   9.876413E-01   1.837469E+02
 r/a            s_alpha        s_alpha_i      s_alpha_e      frac_ai        frac_ae        E_alpha/E_c
                (MW/cm^3)      (MW/cm^3)      (MW/cm^3)                                    
 0.000000E+00   0.000000E+00   0.000000E+00   0.000000E+00   4.988918E-02   9.501108E-01   4.231849E+01
 1.875000E-01   0.000000E+00   0.000000E+00   0.000000E+00   4.473142E-02   9.552686E-01   4.758845E+01
 3.750000E-01   0.000000E+00   0.000000E+00   0.000000E+00   3.400039E-02   9.659996E-01   6.376584E+01
 5.625000E-01   0.000000E+00   0.000000E+00   0.000000E+00   2.305369E-02   9.769463E-01   9.605344E+01
 7.500000E-01   0.000000E+00   0.000000E+00   0.000000E+00   1.235869E-02   9.876413E-01   1.837469E+02
 r/a            s_alpha        s_alpha_i      s_alpha_e      frac_ai        frac_ae        E_alpha/E_c
                (MW/cm^3)      (MW/cm^3)      (MW/cm^3)                                    
 0.000000E+00   0.000000E+00   0.000000E+00   0.000000E+00   4.710001E-02   9.529000E-01   4.502291E+01
 1.875000E-01   0.000000E+00   0.000000E+00   0.000000E+00   4.177711E-02   9.582229E-01   5.120239E+01
 3.750000E-01   0.000000E+00   0.000000E+00   0.000000E+00   3.407337E-02   9.659266E-01   6.362092E+01
 5.625000E-01   0.000000E+00   0.000000E+00   0.000000E+00   2.614704E-02   9.738530E-01   8.415695E+01
 7.500000E-01   0.000000E+00   0.000000E+00   0.000000E+00   1.235869E-02   9.876413E-01   1.837469E+02
 r/a            s_alpha        s_alpha_i      s_alpha_e      frac_ai        frac_ae        E_alpha/E_c
                (MW/cm^3)      (MW/cm^3)      (MW/cm^3)                                    
 0.000000E+00   0.000000E+00   0.000000E+00   0.000000E+00   5.110105E-02   9.488989E-01   4.123680E+01
 1.875000E-01   0.000000E+00   0.000000E+00   0.000000E+00   4.486716E-02   9.551328E-01   4.743400E+01
 3.750000E-01   0.000000E+00   0.000000E+00   0.000000E+00   3.491419E-02   9.650858E-01   6.199541E+01
 5.625000E-01   0.000000E+00   0.000000E+00   0.000000E+00   2.601054E-02   9.739895E-01   8.462162E+01
 7.500000E-01   0.000000E+00   0.000000E+00   0.000000E+00   1.235869E-02   9.876413E-01   1.837469E+02
 r/a            s_alpha        s_alpha_i      s_alpha_e      frac_ai        frac_ae        E_alpha/E_c
                (MW/cm^3)      (MW/cm^3)      (MW/cm^3)                                    
 0.000000E+00   0.000000E+00   0.000000E+00   0.000000E+00   5.064630E-02   9.493537E-01   4.163654E+01
 1.875000E-01   0.000000E+00   0.000000E+00   0.000000E+00   4.500310E-02   9.549969E-01   4.728027E+01
 3.750000E-01   0.000000E+00   0.000000E+00   0.000000E+00   3.509982E-02   9.649002E-01   6.164718E+01
 5.625000E-01   0.000000E+00   0.000000E+00   0.000000E+00   2.597510E-02   9.740249E-01   8.474307E+01
 7.500000E-01   0.000000E+00   0.000000E+00   0.000000E+00   1.235869E-02   9.876413E-01   1.837469E+02
