N_ENERGY=3
N_XI=5
N_THETA=5
N_RADIAL=4
DELTA_T=0.01
FREQ_TOL=1.0e-3
K_THETA=0.25
RMIN=0.5
RMAJ=3.0
EQUILIBRIUM_MODEL=0
COLLISION_MODEL=1

RHO=0.001
Q=2.0

N_SPECIES=1

Z_1=1
DENS_1=1.0
MASS_1=1.0
DLNNDR_1=1.0
DLNTDR_1=3.0
NU_1=1.0e-3

Z_2=-1
DENS_2=1.0
MASS_2=0.0002724486
DLNNDR_2=1.0
DLNTDR_2=3.0
NU_2=0.06058396734168

