N_ENERGY=6
N_XI=17
N_THETA=17
N_RADIAL=1
RMIN_OVER_A=0.15
RMAJ_OVER_A=3.0
EQUILIBRIUM_MODEL=0
COLLISION_MODEL=4

RHO_STAR=0.001
Q=2.0

ROTATION_MODEL=2
OMEGA_ROT=0.365148371670111
OMEGA_ROT_DERIV=0.0

TE_ADE=1.0
NE_ADE=1.0

N_SPECIES=1

Z_1=1
DENS_1=1.0
MASS_1=1.0
DLNNDR_1=1.0
DLNTDR_1=3.0
NU_1=1.0e-4

Z_2=-1
DENS_2=1.0
MASS_2=0.0002724486
DLNNDR_2=1.0
DLNTDR_2=3.0

